2.0 27.654999999999998 0.34600000000001296
8.0 32.41 0.3750000000000142
13.01010101010101 33.34500000000001 0.38799999999999946
18.0 38.121999999999986 0.4149999999999987
23.01010101010101 39.21000000000002 0.4489999999999772
28.000000000000004 40.470000000000006 0.4829999999999002
33.01010101010101 45.563999999999936 0.6309999999999372
38.0 46.38699999999996 0.5359999999999809
43.01010101010101 46.520999999999816 0.6800000000000139
46.0 54.27899999999997 0.5740000000000745
53.01010101010101 56.516999999999925 0.600000000000156
57.99999999999999 55.25799999999981 0.6249999999998757
63.010101010101 66.35599999999985 0.6649999999996936
68.0 66.573 0.764000000000209
73.01010101010101 69.99699999999987 0.7169999999998566
78.0 78.08599999999987 0.7500000000000284
83.01010101010101 94.14100000000003 1.5520000000002199
88.0 74.79199999999952 0.7830000000002002
93.01010101010101 74.23900000000039 0.8369999999997546
98.0 75.01600000000064 0.8010000000000517
100.0 70.6150000000001 0.8460000000001244
